3 3 0.4 0.3 0.3 0.53 0.17 0.3 0.15 0.4 0.45 
3 4 0.7 0.25 0.0 0.05 0.1 0.05 0.15 0.7 0.1 0.0 0.4 0.5
1 3 0.1 0.3 0.6
1000 0 3 3 2 1 0 2 3 0 0 2 3 0 0 2 3 0 0 0 0 1 2 2 3 1 3 0 2 3 1 2 3 1 3 3 1 2 0 3 1 2 2 2 1 1 1 0 2 0 3 2 3 2 1 1 2 3 1 2 1 2 1 2 1 1 3 3 1 1 2 3 0 0 1 1 2 3 1 1 0 1 1 1 1 1 3 3 1 1 3 0 0 3 1 3 1 3 3 2 1 3 3 2 3 3 3 1 1 1 1 2 1 3 3 3 0 1 0 0 3 3 2 2 3 3 3 2 1 0 0 3 3 1 0 2 2 2 0 0 2 3 1 1 1 2 2 3 3 1 1 0 0 1 2 0 0 2 0 1 1 0 0 0 0 3 3 1 2 0 0 2 3 2 2 0 1 1 3 1 1 0 3 3 0 3 3 3 2 3 2 3 1 2 1 2 0 0 0 0 3 0 3 3 3 3 1 1 3 2 1 2 0 3 3 3 3 3 3 0 0 2 3 2 1 1 1 3 2 2 2 1 2 1 1 2 3 1 2 3 1 1 1 3 3 2 2 2 1 0 2 2 1 0 3 2 2 3 1 0 1 2 2 2 0 3 1 2 0 3 0 0 3 1 2 2 3 1 1 0 2 2 1 3 2 3 1 0 0 0 2 1 3 3 0 1 0 3 0 2 0 0 3 2 3 3 3 2 3 2 3 1 3 3 0 1 0 2 2 1 2 3 3 1 3 2 3 3 3 1 2 1 3 0 1 2 0 1 3 3 3 3 2 1 1 1 1 3 3 1 1 3 3 2 0 1 0 0 0 0 0 1 0 0 0 1 0 0 0 0 2 0 2 0 3 1 3 1 3 2 0 0 0 0 0 1 2 3 0 1 1 0 2 3 2 1 0 2 1 2 2 2 1 1 2 2 1 3 3 3 3 1 3 1 0 2 1 2 1 3 1 1 3 0 0 1 0 1 3 3 2 2 1 2 3 2 1 2 1 1 1 0 0 0 2 2 2 1 3 3 1 1 2 2 1 1 2 3 1 2 1 0 0 3 2 1 3 2 2 3 0 0 3 3 0 3 0 0 1 0 0 2 3 1 0 0 0 1 2 2 3 2 3 1 0 2 2 3 3 1 1 2 1 1 1 3 2 2 3 2 0 3 3 0 0 0 0 0 0 0 0 2 2 3 3 3 2 3 2 1 3 0 2 1 2 0 0 0 2 3 2 2 2 1 3 3 2 1 2 0 0 3 2 1 2 3 1 0 1 3 3 3 2 2 0 0 0 2 2 3 1 1 3 0 0 3 0 0 3 0 1 3 0 3 0 0 0 0 0 0 0 0 3 2 3 1 2 3 0 3 3 2 0 3 2 1 1 0 1 0 0 0 0 2 3 3 3 1 1 3 1 2 3 0 3 3 3 0 0 1 1 0 3 2 2 3 1 1 3 1 1 3 2 0 2 0 0 2 0 0 0 1 0 1 1 0 0 0 0 0 2 2 3 3 1 3 3 3 1 0 2 3 3 3 0 1 1 1 1 0 0 3 3 3 2 3 2 3 3 2 3 3 3 3 3 2 2 1 3 1 0 1 1 1 0 3 1 0 0 3 3 2 2 2 3 3 1 1 1 2 1 3 2 1 1 2 3 2 2 1 2 2 1 1 2 1 0 0 1 2 1 2 1 1 2 0 0 3 2 3 2 1 1 3 2 3 3 3 0 2 0 3 3 1 1 1 2 2 0 0 0 0 0 1 1 1 3 2 3 2 0 0 3 2 3 1 2 0 3 2 1 2 1 0 1 1 1 2 2 2 2 2 3 3 2 3 2 1 3 3 2 2 2 1 0 1 3 2 1 0 3 2 2 1 1 3 3 3 3 1 0 3 3 3 2 3 3 2 3 0 1 0 1 2 2 1 2 1 2 3 3 3 0 1 2 2 3 1 1 0 3 2 2 1 1 0 0 1 0 0 0 1 1 0 0 0 0 2 0 0 0 3 3 0 0 3 1 2 2 1 0 0 2 2 3 0 3 0 3 2 2 3 3 2 0 2 3 0 0 3 1 0 0 1 2 0 0 3 3 1 1 3 2 3 1 3 3 1 3 3 3 2 3 1 0 1 3 2 1 2 3 3 0 2 0 0 1 0 3 2 0 2 3 1 3 1 1 2 1 1 2 2 1 1 3 2 2 0 0 1 1 0 0 0 2 2 0 0 3 2 2 1 2 3 3 0 0 2 0 0 0 3 3 3 2 0 1 0 1 1 3


2 2 0.74 0.26 0.39 0.61
2 4 0.5 0.2 0.11 0.19 0.22 0.28 0.23 0.27
1 2 0.3 0.7

2 2 0.4 0.6 0.83 0.17
2 4 0.7 0.25 0.0 0.05 0.1 0.05 0.15 0.7
1 2 0.1 0.9
